0 0
1 0
2 0
3 4.19617e-05
4 0.000247955
5 0.000423431
6 0.00062561
7 0.000995636
8 0.00117493
9 0.00164413
10 0.00204849
11 0.00260162
12 0.00322723
13 0.003479
14 0.00409698
15 0.00514984
16 0.00564575
17 0.00641251
18 0.00618362
19 0.00787354
20 0.00699997
21 0.0078125
22 0.00758743
23 0.00728989
24 0.00861359
25 0.00812149
26 0.00666809
27 0.0067749
28 0.00705719
29 0.00643539
30 0.00612259
31 0.00633621
32 0.00516891
33 0.00518799
34 0.00453568
35 0.00487518
36 0.00405121
37 0.00391769
38 0.00401306
39 0.00413513
40 0.00386429
41 0.00391388
42 0.00349045
43 0.00353241
44 0.00392532
45 0.00386429
46 0.00390244
47 0.00333786
48 0.00423431
49 0.00403214
50 0.00328827
51 0.00427246
52 0.00353622
53 0.00409317
54 0.00407791
55 0.00382996
56 0.00486374
57 0.00485992
58 0.00430679
59 0.00482941
60 0.00570297
61 0.00590515
62 0.00606918
63 0.00780487
64 0.00650787
65 0.00762177
66 0.00650024
67 0.00771332
68 0.00650406
69 0.00686646
70 0.0063858
71 0.00673676
72 0.00607681
73 0.00652695
74 0.00562286
75 0.00568771
76 0.00597382
77 0.0055542
78 0.00551224
79 0.0058136
80 0.00522995
81 0.00589371
82 0.00487518
83 0.0061264
84 0.00520325
85 0.00562668
86 0.00577164
87 0.00586319
88 0.00691605
89 0.00710678
90 0.00641251
91 0.0071907
92 0.00827789
93 0.00727463
94 0.00765991
95 0.00743103
96 0.00886917
97 0.00798798
98 0.00653458
99 0.00794983
100 0.00637054
101 0.00690842
102 0.00656128
103 0.00664902
104 0.00611496
105 0.00645828
106 0.00528717
107 0.00577927
108 0.00625229
109 0.00588226
110 0.00605774
111 0.00587463
112 0.00680542
113 0.00667953
114 0.00543594
115 0.00700378
116 0.00611877
117 0.00597
118 0.00603104
119 0.00574875
120 0.0067215
121 0.0067482
122 0.00552368
123 0.00630951
124 0.00714111
125 0.00730133
126 0.0070343
127 0.00802231
128 0.00734329
129 0.00771713
130 0.00690842
131 0.00841522
132 0.00727463
133 0.00750732
134 0.00772858
135 0.00799561
136 0.00775146
137 0.00774002
138 0.00659943
139 0.00613022
140 0.00635529
141 0.00554657
142 0.00511551
143 0.0051651
144 0.00475693
145 0.00462723
146 0.00359344
147 0.00439453
148 0.00355148
149 0.00411987
150 0.00374222
151 0.00344849
152 0.00383759
153 0.00382614
154 0.00310516
155 0.00297165
156 0.00323486
157 0.00311661
158 0.00288391
159 0.00315857
160 0.00263214
161 0.00265503
162 0.00220871
163 0.00237274
164 0.00196075
165 0.00201416
166 0.00190353
167 0.00193024
168 0.00171661
169 0.00192261
170 0.00157928
171 0.0018425
172 0.00192261
173 0.00180435
174 0.00180817
175 0.00172424
176 0.00236893
177 0.00223923
178 0.00195312
179 0.00233078
180 0.00248718
181 0.00275803
182 0.00246048
183 0.00250244
184 0.00324249
185 0.00296402
186 0.00274658
187 0.00274277
188 0.00309753
189 0.00282669
190 0.00246429
191 0.00268173
192 0.00296783
193 0.00292587
194 0.00233078
195 0.00305176
196 0.00266647
197 0.00303268
198 0.00297928
199 0.0031662
200 0.00311279
201 0.003479
202 0.00321579
203 0.00324631
204 0.00323105
205 0.00300598
206 0.0026207
207 0.00267029
208 0.00218582
209 0.00190353
210 0.00143814
211 0.0014801
212 0.00109863
213 0.00112152
214 0.000919342
215 0.000766754
216 0.000640869
217 0.000637054
218 0.000476837
219 0.000434875
220 0.000389099
221 0.000411987
222 0.000259399
223 0.000217438
224 0.000205994
225 0.00018692
226 6.10352e-05
227 6.86646e-05
228 3.8147e-05
229 2.67029e-05
230 1.90735e-05
231 3.43323e-05
232 7.62939e-06
233 3.8147e-06
234 3.8147e-06
235 0
236 7.62939e-06
237 0
238 0
239 0
240 0
241 0
242 3.8147e-06
243 0
244 0
245 7.62939e-06
246 0
247 0
248 3.8147e-06
249 0
250 0
251 0
252 0
253 0
254 0
255 0
