0 9646 19053 26220
1 0 0 0
2 150 350 582
3 0 0 0
4 0 0 0
5 151 302 547
6 0 0 0
7 154 346 564
8 0 0 0
9 0 0 0
10 154 292 644
11 0 0 0
12 134 302 645
13 0 0 0
14 0 0 0
15 133 336 543
16 0 0 0
17 121 317 512
18 0 0 0
19 0 0 0
20 110 313 411
21 0 0 0
22 150 378 396
23 0 0 0
24 0 0 0
25 133 413 295
26 0 0 0
27 0 0 0
28 148 461 295
29 0 0 0
30 132 486 239
31 0 0 0
32 0 0 0
33 123 496 224
34 0 0 0
35 120 494 198
36 0 0 0
37 0 0 0
38 116 462 171
39 0 0 0
40 138 450 180
41 0 0 0
42 0 0 0
43 128 466 136
44 0 0 0
45 150 463 161
46 0 0 0
47 0 0 0
48 123 405 157
49 0 0 0
50 0 0 0
51 148 431 143
52 0 0 0
53 144 415 146
54 0 0 0
55 0 0 0
56 145 426 139
57 0 0 0
58 138 459 117
59 0 0 0
60 0 0 0
61 176 448 121
62 0 0 0
63 140 467 115
64 0 0 0
65 0 0 0
66 132 415 115
67 0 0 0
68 144 378 130
69 0 0 0
70 0 0 0
71 157 327 102
72 0 0 0
73 171 298 129
74 0 0 0
75 0 0 0
76 169 300 129
77 0 0 0
78 0 0 0
79 176 282 117
80 0 0 0
81 209 258 102
82 0 0 0
83 0 0 0
84 179 275 111
85 0 0 0
86 184 206 129
87 0 0 0
88 0 0 0
89 190 270 105
90 0 0 0
91 191 260 100
92 0 0 0
93 0 0 0
94 166 241 107
95 0 0 0
96 168 225 119
97 0 0 0
98 0 0 0
99 164 237 99
100 0 0 0
101 0 0 0
102 157 203 116
103 0 0 0
104 172 216 100
105 0 0 0
106 0 0 0
107 153 193 117
108 0 0 0
109 178 158 103
110 0 0 0
111 0 0 0
112 157 135 131
113 0 0 0
114 172 138 133
115 0 0 0
116 0 0 0
117 198 105 110
118 0 0 0
119 171 106 123
120 0 0 0
121 0 0 0
122 185 100 112
123 0 0 0
124 146 108 110
125 0 0 0
126 0 0 0
127 187 109 101
128 0 0 0
129 0 0 0
130 193 91 108
131 0 0 0
132 202 92 121
133 0 0 0
134 0 0 0
135 152 95 112
136 0 0 0
137 210 92 109
138 0 0 0
139 0 0 0
140 175 81 107
141 0 0 0
142 226 82 107
143 0 0 0
144 0 0 0
145 169 79 103
146 0 0 0
147 185 75 111
148 0 0 0
149 0 0 0
150 180 84 116
151 0 0 0
152 0 0 0
153 172 94 93
154 0 0 0
155 213 83 100
156 0 0 0
157 0 0 0
158 229 108 97
159 0 0 0
160 222 95 67
161 0 0 0
162 0 0 0
163 253 104 66
164 0 0 0
165 271 121 68
166 0 0 0
167 0 0 0
168 255 107 73
169 0 0 0
170 237 124 76
171 0 0 0
172 0 0 0
173 300 109 89
174 0 0 0
175 276 126 92
176 0 0 0
177 0 0 0
178 263 108 71
179 0 0 0
180 0 0 0
181 270 129 75
182 0 0 0
183 246 104 55
184 0 0 0
185 0 0 0
186 297 104 80
187 0 0 0
188 281 109 71
189 0 0 0
190 0 0 0
191 299 114 66
192 0 0 0
193 333 114 67
194 0 0 0
195 0 0 0
196 276 98 75
197 0 0 0
198 314 89 74
199 0 0 0
200 0 0 0
201 280 127 65
202 0 0 0
203 0 0 0
204 311 101 72
205 0 0 0
206 335 99 47
207 0 0 0
208 0 0 0
209 348 88 57
210 0 0 0
211 371 110 38
212 0 0 0
213 0 0 0
214 358 105 39
215 0 0 0
216 367 111 36
217 0 0 0
218 0 0 0
219 347 119 30
220 0 0 0
221 327 90 25
222 0 0 0
223 0 0 0
224 317 111 33
225 0 0 0
226 280 119 19
227 0 0 0
228 0 0 0
229 295 123 23
230 0 0 0
231 0 0 0
232 316 94 15
233 0 0 0
234 306 96 28
235 0 0 0
236 0 0 0
237 313 106 13
238 0 0 0
239 313 90 14
240 0 0 0
241 0 0 0
242 364 64 15
243 0 0 0
244 310 69 15
245 0 0 0
246 0 0 0
247 342 50 10
248 0 0 0
249 341 54 9
250 0 0 0
251 0 0 0
252 303 48 12
253 0 0 0
254 9076 441 185
255 0 0 0
