0 0
1 0
2 0
3 0
4 0
5 0
6 0
7 0
8 0
9 0
10 0
11 0
12 0
13 1
14 0
15 0
16 0
17 0
18 0
19 0
20 0
21 0
22 0
23 0
24 0
25 0
26 0
27 0
28 0
29 0
30 0
31 0
32 0
33 0
34 0
35 0
36 0
37 0
38 0
39 0
40 0
41 0
42 0
43 0
44 0
45 0
46 0
47 0
48 0
49 0
50 1
51 0
52 0
53 2
54 0
55 0
56 0
57 0
58 0
59 0
60 0
61 0
62 0
63 0
64 0
65 0
66 0
67 0
68 0
69 0
70 0
71 0
72 0
73 0
74 0
75 0
76 0
77 0
78 0
79 0
80 0
81 0
82 0
83 0
84 0
85 0
86 0
87 0
88 0
89 0
90 0
91 0
92 0
93 0
94 1
95 1
96 0
97 3
98 1
99 1
100 0
101 1
102 2
103 0
104 2
105 2
106 1
107 3
108 0
109 2
110 1
111 5
112 2
113 0
114 3
115 1
116 3
117 4
118 1
119 3
120 2
121 3
122 2
123 5
124 3
125 2
126 3
127 3
128 3
129 5
130 1
131 3
132 2
133 3
134 2
135 4
136 5
137 6
138 8
139 4
140 7
141 4
142 12
143 13
144 15
145 24
146 28
147 46
148 37
149 59
150 88
151 102
152 81
153 33
154 23
155 16
156 27
157 23
158 23
159 23
160 12
161 39
162 60
163 58
164 63
165 45
166 65
167 25
168 36
169 67
170 73
171 59
172 75
173 76
174 80
175 54
176 65
177 61
178 72
179 43
180 36
181 44
182 16
183 4
184 5
185 3
186 2
187 4
188 8
189 4
190 2
191 0
192 5
193 8
194 3
195 14
196 17
197 40
198 0
199 4
200 6
201 72
202 50
203 118
204 13
205 2
206 6
207 6
208 9
209 14
210 54
211 2
212 0
213 0
214 2
215 1
216 2
217 1
218 55
219 0
220 0
221 0
222 0
223 0
224 0
225 0
226 0
227 0
228 0
229 0
230 0
231 0
232 0
233 0
234 0
235 0
236 0
237 0
238 0
239 0
240 0
241 0
242 0
243 0
244 0
245 0
246 0
247 0
248 0
249 0
250 0
251 0
252 0
253 0
254 0
255 0
